-0.00115284
-0.116406
-0.231473
-0.346173
-0.459184
-0.572605
-0.685109
-0.796509
-0.90662
-1.01525
-1.12223
-1.22735
-1.33043
-1.43128
-1.52971
-1.62649
-1.71949
-1.80951
-1.89637
-1.97987
-2.05985
-2.13612
-2.20851
-2.27687
-2.34102
-2.40081
-2.4561
-2.50676
-2.55265
-2.59366
-2.62969
-2.66063
-2.68641
-2.70696
-2.72222
-2.73216
-2.73674
-2.73596
-2.72981
-2.71832
-2.70151
-2.67943
-2.65213
-2.6197
-2.58221
-2.53976
-2.49247
-2.44044
-2.38382
-2.32274
-2.25735
-2.1878
-2.11426
-2.03689
-1.95587
-1.87136
-1.78357
-1.69265
-1.59881
-1.50223
-1.4031
-1.3016
-1.19793
-1.09226
-0.984805
-0.875735
-0.765242
-0.653512
-0.540731
-0.427085
-0.312756
-0.19793
-0.0827893
0.0324828
0.147703
0.262689
0.377258
0.491225
0.604406
0.716617
0.827673
0.937387
1.04557
1.15204
1.25661
1.35908
1.45927
1.55699
1.65205
1.74426
1.83344
1.9194
2.00196
2.08095
2.15619
2.2275
2.29472
2.3577
2.41629
2.47034
2.51971
2.56429
2.60395
2.6386
2.66815
2.69252
2.71163
2.72545
2.73394
2.73706
2.73482
2.72722
2.71428
2.69603
2.67252
2.64382
2.61001
2.57116
2.52738
2.47879
2.42551
2.36766
2.30539
2.23885
2.1682
2.0936
2.01522
1.93324
1.84782
1.75916
1.66743
1.57283
1.47554
1.37574
1.27363
1.1694
1.06323
0.955315
0.84584
0.734992
0.622958
0.509924
0.396074
0.281592
0.166662
0.0514673
-0.0638089
