-0.000750568
-0.0757841
-0.15068
-0.225303
-0.298778
-0.372454
-0.445453
-0.51764
-0.588883
-0.659048
-0.728005
-0.795623
-0.861775
-0.926333
-0.989174
-1.05077
-1.10979
-1.16673
-1.22148
-1.27392
-1.32395
-1.37147
-1.41637
-1.45856
-1.49796
-1.53448
-1.56803
-1.59855
-1.62597
-1.65023
-1.67127
-1.68906
-1.70354
-1.71469
-1.72248
-1.7269
-1.72792
-1.72556
-1.71982
-1.71071
-1.69825
-1.68246
-1.66339
-1.64108
-1.61557
-1.58692
-1.5552
-1.52048
-1.48282
-1.44232
-1.39905
-1.3531
-1.30459
-1.2536
-1.20024
-1.14462
-1.08685
-1.02704
-0.965323
-0.90181
-0.836627
-0.769898
-0.701752
-0.632317
-0.561724
-0.490104
-0.41759
-0.344316
-0.270416
-0.196025
-0.121278
-0.046312
0.0287382
0.103736
0.178547
0.253033
0.32706
0.400493
0.473197
0.545038
0.615883
0.685601
0.754061
0.821133
0.88669
0.950605
1.01275
1.07302
1.13127
1.18741
1.24131
1.29287
1.34197
1.38852
1.43243
1.47359
1.51192
1.54734
1.57977
1.60914
1.63539
1.65846
1.67829
1.69485
1.70809
1.71799
1.72452
1.72768
1.72744
1.72382
1.71682
1.70645
1.69275
1.67573
1.65545
1.63194
1.60525
1.57545
1.5426
1.50677
1.46805
1.4265
1.38222
1.33531
1.28586
1.23397
1.17975
1.12332
1.06478
1.00424
0.941842
0.877692
0.811917
0.744645
0.676003
0.606121
0.535129
0.46316
0.390347
0.316824
0.242725
0.168186
0.0933416
0.0183281
-0.0567186
