3.04159
3.03861
3.02967
3.01479
2.99399
2.96733
2.93484
2.8966
2.85268
2.80317
2.74816
2.68776
2.62209
2.55127
2.47546
2.39479
2.30942
2.21952
2.12528
2.02686
1.92447
1.81831
1.70858
1.5955
1.47929
1.36018
1.2384
1.11419
0.987802
0.859474
0.729461
0.598017
0.4654
0.331871
0.19769
0.0631226
-0.071569
-0.20612
-0.340267
-0.473747
-0.606298
-0.73766
-0.867575
-0.995789
-1.12205
-1.24611
-1.36773
-1.48666
-1.60268
-1.71556
-1.82507
-1.93101
-2.03315
-2.13131
-2.22529
-2.31491
-2.39999
-2.48036
-2.55586
-2.62636
-2.6917
-2.75177
-2.80644
-2.8556
-2.89917
-2.93705
-2.96917
-2.99547
-3.01589
-3.0304
-3.03897
-3.04158
-3.03822
-3.02891
-3.01366
-2.99249
-2.96546
-2.93261
-2.89401
-2.84974
-2.79988
-2.74453
-2.68379
-2.61779
-2.54666
-2.47054
-2.38957
-2.30391
-2.21374
-2.11922
-2.02055
-1.91792
-1.81153
-1.70158
-1.5883
-1.4719
-1.35261
-1.23068
-1.10633
-0.979808
-0.851367
-0.721256
-0.589731
-0.457049
-0.323471
-0.189259
-0.0546758
0.0800148
0.214548
0.348661
0.482091
0.614574
0.745853
0.875669
1.00377
1.1299
1.25381
1.37527
1.49403
1.60986
1.72253
1.83182
1.93753
2.03943
2.13733
2.23104
2.32038
2.40517
2.48524
2.56043
2.63061
2.69563
2.75536
2.80968
2.8585
2.90171
2.93923
2.97099
2.99692
3.01698
3.03112
3.03931
3.04155
3.03782
3.02813
3.0125
2.99097
2.96357
2.93036
2.8914
2.84678
2.79657
2.74087
2.67981
2.61348
2.54203
2.4656
2.38433
2.29839
2.20794
2.11316
2.01423
1.91136
1.80473
1.69457
1.58109
1.4645
1.34504
1.22295
1.09845
0.971806
0.843253
0.713046
0.58144
0.448695
0.31507
0.180826
0.0462285
-0.08846
-0.222975
-0.357053
-0.49043
-0.622846
-0.754041
-0.883756
-1.01174
-1.13774
-1.26151
-1.3828
-1.50138
-1.61702
-1.72949
-1.83856
-1.94403
-2.04569
-2.14333
-2.23678
-2.32583
-2.41033
-2.4901
-2.56498
-2.63484
-2.69953
-2.75892
-2.81291
-2.86138
-2.90423
-2.9414
-2.97279
-2.99836
-3.01804
-3.03181
-3.03963
-3.04149
-3.03738
-3.02732
-3.01132
-2.98942
-2.96166
-2.92809
-2.88877
-2.84379
-2.79323
-2.7372
-2.6758
-2.60915
-2.53739
-2.46064
-2.37908
-2.29285
-2.20212
-2.10707
-2.00789
-1.90478
-1.79793
-1.68755
-1.57386
-1.45709
-1.33746
-1.21521
-1.09057
-0.963797
-0.835132
-0.70483
-0.573145
-0.440337
-0.306665
-0.172392
-0.0377808
0.0969045
0.2314
0.365441
0.498766
0.631113
0.762222
0.891837
1.0197
1.14557
1.26919
1.39032
1.50872
1.62417
1.73643
1.84528
1.95052
2.05193
2.14932
2.24249
2.33127
2.41547
2.49494
2.56951
2.63905
2.70341
2.76247
2.81611
2.86423
2.90673
2.94354
2.97457
2.99976
3.01908
3.03247
3.03992
3.0414
3.03693
3.02649
3.01012
2.98785
2.95972
2.92579
2.88612
2.84078
2.78988
2.73351
2.67177
2.6048
2.53272
2.45567
2.37381
2.28729
2.19628
2.10097
2.00154
1.89818
1.7911
1.68051
1.56663
1.44967
1.32987
1.20746
1.08268
0.95578
0.827005
0.696609
0.564846
0.431976
0.298259
0.163957
0.0293329
-0.105348
-0.239823
-0.373827
-0.507098
-0.639375
-0.770398
-0.89991
-1.02766
-1.15339
-1.27686
-1.39783
-1.51605
-1.6313
-1.74336
-1.85199
-1.957
-2.05816
-2.15529
-2.24819
-2.33669
-2.4206
-2.49976
-2.57403
-2.64324
-2.70727
-2.76599
-2.81929
-2.86706
-2.90921
-2.94565
-2.97632
-3.00115
-3.02009
-3.03311
-3.04019
-3.0413
-3.03645
-3.02564
-3.0089
-2.98626
-2.95776
-2.92347
-2.88344
-2.83775
-2.7865
-2.72979
-2.66772
-2.60043
-2.52803
-2.45067
-2.36851
-2.28171
-2.19043
-2.09485
-1.99517
-1.89157
-1.78427
-1.67347
-1.55938
-1.44224
-1.32226
-1.1997
-1.07478
-0.947756
-0.818872
-0.688382
-0.556543
-0.423612
-0.28985
-0.15552
-0.0208848
0.113791
0.248244
0.38221
0.515427
0.647632
0.778568
0.907977
