0.628318
0.627731
0.625991
0.623102
0.619115
0.613956
0.607666
0.600257
0.59174
0.58213
0.571441
0.559691
0.546901
0.53309
0.518283
0.502342
0.48561
0.467962
0.44943
0.430046
0.409844
0.388861
0.367135
0.344705
0.321612
0.297899
0.27361
0.248792
0.223491
0.197755
0.171634
0.145179
0.118439
0.0914678
0.0643174
0.037041
0.00969204
-0.017676
-0.0450093
-0.0722544
-0.099358
-0.126267
-0.152929
-0.179293
-0.205306
-0.23092
-0.256085
-0.280754
-0.304879
-0.328415
-0.351319
-0.373549
-0.395062
-0.415821
-0.435788
-0.454927
-0.473204
-0.490588
-0.507047
-0.522555
-0.537083
-0.550609
-0.563108
-0.574561
-0.584948
-0.594251
-0.602457
-0.609552
-0.615524
-0.620364
-0.624064
-0.626617
-0.628021
-0.628273
-0.627372
-0.625319
-0.622119
-0.617776
-0.612297
-0.605691
-0.597969
-0.589142
-0.579226
-0.568237
-0.556192
-0.543112
-0.529018
-0.513934
-0.497887
-0.480903
-0.463012
-0.444245
-0.424635
-0.404218
-0.383029
-0.361107
-0.338492
-0.315227
-0.291353
-0.266916
-0.241962
-0.216538
-0.190693
-0.164476
-0.137937
-0.11113
-0.0841047
-0.0569148
-0.0296134
-0.0022539
0.02511
0.0524247
0.0796366
0.106692
0.13354
0.160126
0.186399
0.212309
0.237806
0.262841
0.287366
0.311335
0.334704
0.357429
0.379468
0.40078
0.421327
0.441072
0.459981
0.478018
0.495154
0.511357
0.526601
0.54086
0.554108
0.566325
0.57749
0.587584
0.596591
0.604496
0.611287
0.616952
0.621483
0.624871
0.627113
0.628204
0.628142
