1.5708
1.5698
1.56683
1.56191
1.55511
1.54628
1.53549
1.52275
1.50804
1.49138
1.47276
1.45219
1.42967
1.40522
1.37882
1.35021
1.31996
1.28781
1.25378
1.21788
1.18014
1.14059
1.09926
1.05618
1.01139
0.964942
0.916882
0.867265
0.816153
0.763613
0.709717
0.654544
0.598177
0.540705
0.482225
0.422835
0.362641
0.301752
0.24028
0.178341
0.116055
0.0535416
-0.00907668
-0.0716772
-0.134137
-0.196335
-0.258151
-0.319466
-0.380165
-0.440137
-0.499274
-0.557471
-0.614632
-0.670662
-0.725474
-0.778985
-0.831118
-0.881803
-0.930975
-0.978573
-1.02455
-1.06884
-1.11142
-1.15224
-1.19127
-1.22847
-1.26383
-1.29732
-1.32892
-1.35862
-1.3864
-1.41226
-1.43617
-1.45814
-1.47817
-1.49624
-1.51235
-1.52651
-1.53871
-1.54895
-1.55722
-1.56354
-1.56789
-1.57029
-1.57072
-1.56919
-1.5657
-1.56025
-1.55283
-1.54346
-1.53212
-1.51883
-1.50358
-1.48637
-1.4672
-1.44609
-1.42302
-1.39802
-1.37109
-1.34224
-1.31147
-1.27881
-1.24427
-1.20787
-1.16965
-1.12961
-1.0878
-1.04426
-0.999018
-0.95213
-0.903644
-0.853617
-0.802113
-0.7492
-0.694951
-0.639447
-0.582773
-0.52502
-0.466284
-0.406667
-0.346274
-0.285217
-0.223607
-0.161563
-0.0992032
-0.0366494
0.0259761
0.0885508
0.150952
0.213059
0.274751
0.335911
0.396425
0.456181
0.515075
0.573002
0.629867
0.685577
0.740045
0.793192
0.844941
0.895224
0.943976
0.991141
1.03667
1.0805
1.12261
1.16295
1.20149
1.2382
1.27305
1.30604
1.33713
1.36631
1.39357
1.4189
1.44229
1.46374
1.48324
1.50078
1.51637
1.53
1.54167
1.55137
1.55912
1.56491
1.56873
1.5706
1.5705
