1.5708
1.56926
1.56464
1.55695
1.54621
1.53244
1.51567
1.49592
1.47324
1.44767
1.41926
1.38806
1.35415
1.31758
1.27842
1.23676
1.19267
1.14625
1.09758
1.04675
0.993871
0.939044
0.882375
0.823976
0.763961
0.702448
0.639557
0.575412
0.510139
0.443866
0.376722
0.308839
0.240351
0.171391
0.102095
0.032599
-0.036961
-0.106448
-0.175727
-0.244661
-0.313116
-0.380956
-0.448049
-0.514264
-0.57947
-0.64354
-0.706348
-0.76777
-0.827687
-0.885981
-0.942538
-0.997246
-1.05
-1.10069
-1.14923
-1.19551
-1.23945
-1.28095
-1.31995
-1.35635
-1.3901
-1.42112
-1.44935
-1.47474
-1.49724
-1.51681
-1.5334
-1.54698
-1.55752
-1.56502
-1.56944
-1.57079
-1.56906
-1.56425
-1.55637
-1.54544
-1.53148
-1.51451
-1.49458
-1.47172
-1.44597
-1.41738
-1.38601
-1.35193
-1.3152
-1.27588
-1.23407
-1.18983
-1.14326
-1.09445
-1.04349
-0.990489
-0.935543
-0.878762
-0.820258
-0.760146
-0.698543
-0.63557
-0.57135
-0.506011
-0.439679
-0.372484
-0.30456
-0.236038
-0.167053
-0.0977407
-0.0282367
0.0413227
0.110801
0.180062
0.24897
0.31739
0.385187
0.452229
0.518385
0.583523
0.647517
0.710242
0.771574
0.831392
0.889581
0.946025
1.00061
1.05324
1.1038
1.1522
1.19833
1.24212
1.28347
1.32231
1.35855
1.39213
1.42297
1.45103
1.47624
1.49856
1.51793
1.53434
1.54773
1.55808
1.56539
1.56962
1.57077
1.56885
1.56384
1.55577
1.54465
1.5305
1.51335
1.49323
1.47019
1.44426
1.41549
1.38396
1.3497
1.31281
1.27333
1.23136
1.18698
1.14026
1.09132
1.04023
0.987099
0.932034
0.875142
0.816534
0.756325
0.694632
0.631577
