0.628319
0.627702
0.625855
0.622781
0.618486
0.612977
0.606267
0.598367
0.589294
0.579066
0.567702
0.555225
0.541659
0.527031
0.511369
0.494704
0.47707
0.458499
0.43903
0.4187
0.397549
0.375618
0.35295
0.32959
0.305584
0.280979
0.255823
0.230165
0.204056
0.177546
0.150689
0.123536
0.0961402
0.0685563
0.040838
0.0130396
-0.0147844
-0.0425794
-0.0702909
-0.0978645
-0.125246
-0.152382
-0.17922
-0.205706
-0.231788
-0.257416
-0.282539
-0.307108
-0.331075
-0.354393
-0.377015
-0.398898
-0.419999
-0.440277
-0.459691
-0.478204
-0.495778
-0.512381
-0.527979
-0.542541
-0.55604
-0.568448
-0.579741
-0.589898
-0.598897
-0.606723
-0.613358
-0.618791
-0.62301
-0.626007
-0.627777
-0.628316
-0.627623
-0.625699
-0.622548
-0.618176
-0.612591
-0.605806
-0.597833
-0.588687
-0.578386
-0.566952
-0.554406
-0.540772
-0.526078
-0.510353
-0.493626
-0.475932
-0.457304
-0.43778
-0.417397
-0.396195
-0.374217
-0.351505
-0.328103
-0.304058
-0.279417
-0.254228
-0.22854
-0.202404
-0.175871
-0.148994
-0.121824
-0.0944152
-0.0668212
-0.0390963
-0.0112947
0.0165291
0.0443205
0.0720249
0.0995881
0.126956
0.154075
0.180892
0.207354
0.233409
0.259007
0.284097
0.30863
0.332557
0.355832
0.37841
0.400245
0.421296
0.44152
0.460879
0.479334
0.496849
0.513389
0.528923
0.543419
0.55685
0.569189
0.580412
0.590496
0.599423
0.607174
0.613734
0.619091
0.623234
0.626155
0.627847
0.628309
0.627538
0.625537
0.622309
0.617861
