-0.00196133
-0.198094
-0.394227
-0.590356
-0.784513
-0.980606
-1.17665
-1.37261
-1.56845
-1.76408
-1.95945
-2.15443
-2.34891
-2.54274
-2.73575
-2.92964
-3.12035
-3.30954
-3.49691
-3.68215
-3.86488
-4.04472
-4.22126
-4.39403
-4.56255
-4.72633
-4.88482
-5.03748
-5.18376
-5.32306
-5.45483
-5.57848
-5.69346
-5.7992
-5.8952
-5.98096
-6.05602
-6.11999
-6.17249
-6.21325
-6.24201
-6.25863
-6.26299
-6.25507
-6.23492
-6.20266
-6.15847
-6.10261
-6.03539
-5.95718
-5.86841
-5.76953
-5.66106
-5.54351
-5.41745
-5.28344
-5.14205
-4.99387
-4.83946
-4.67938
-4.51417
-4.34436
-4.17045
-3.99292
-3.81219
-3.6287
-3.44281
-3.25488
-3.06522
-2.87412
-2.68183
-2.48857
-2.29454
-2.09991
-1.90481
-1.70936
-1.51366
-1.31779
-1.1218
-0.925733
-0.729631
-0.533509
-0.337378
-0.141246
0.0548873
0.25102
0.447152
0.643279
0.839392
1.03547
1.2315
1.42743
1.62322
1.81879
2.01405
2.20891
2.40323
2.59685
2.78959
2.98124
3.17157
3.36029
3.54712
3.73172
3.91371
4.0927
4.26827
4.43994
4.60723
4.76964
4.92661
5.07761
5.22206
5.35939
5.48902
5.61039
5.72292
5.82609
5.91937
6.00229
6.07439
6.1353
6.18466
6.2222
6.2477
6.26101
6.26206
6.25083
6.2274
6.1919
6.14454
6.08558
6.01535
5.93425
5.8427
5.74119
5.63021
5.51031
5.38205
5.24599
5.10271
4.95279
4.79679
4.63528
4.46878
4.29782
4.12289
3.94445
3.76293
3.57876
3.39228
3.20386
3.01378
2.82234
2.62977
2.43628
2.24208
2.0473
1.8521
1.65657
1.46082
1.26491
1.06889
0.872819
0.676709
0.480584
0.284453
0.0883197
-0.107813
