0.392699
0.392314
0.39116
0.389238
0.386553
0.383111
0.378917
0.37398
0.368309
0.361916
0.354814
0.347016
0.338537
0.329394
0.319606
0.30919
0.298169
0.286562
0.274394
0.261687
0.248468
0.234761
0.220594
0.205994
0.19099
0.175612
0.159889
0.143853
0.127535
0.110966
0.0941804
0.0772097
0.0600876
0.0428477
0.0255237
0.00814974
-0.00924025
-0.0266121
-0.0439318
-0.0611653
-0.0782789
-0.095239
-0.112012
-0.128566
-0.144868
-0.160885
-0.176587
-0.191943
-0.206922
-0.221495
-0.235634
-0.249312
-0.2625
-0.275173
-0.287307
-0.298877
-0.309861
-0.320238
-0.329987
-0.339088
-0.347525
-0.35528
-0.362338
-0.368686
-0.374311
-0.379202
-0.383349
-0.386744
-0.389381
-0.391255
-0.392361
-0.392698
-0.392264
-0.391062
-0.389092
-0.38636
-0.38287
-0.378629
-0.373645
-0.367929
-0.361492
-0.354345
-0.346504
-0.337983
-0.328799
-0.31897
-0.308517
-0.297458
-0.285815
-0.273612
-0.260873
-0.247622
-0.233886
-0.219691
-0.205065
-0.190036
-0.174636
-0.158892
-0.142838
-0.126503
-0.10992
-0.0931211
-0.0761399
-0.0590095
-0.0417633
-0.0244352
-0.00705917
0.0103307
0.0277003
0.0450156
0.0622426
0.0793475
0.0962968
0.113057
0.129596
0.145881
0.161879
0.177561
0.192893
0.207848
0.222395
0.236506
0.250153
0.26331
0.27595
0.288049
0.299584
0.31053
0.320868
0.330577
0.339637
0.348031
0.355743
0.362757
0.36906
0.374639
0.379484
0.383584
0.386932
0.389521
0.391347
0.392405
0.392693
0.392211
0.390961
