0.392699
0.392316
0.391184
0.389304
0.386709
0.383352
0.379262
0.374446
0.368913
0.362672
0.355736
0.348116
0.339828
0.330886
0.321307
0.311004
0.300199
0.288815
0.276872
0.264393
0.251402
0.237922
0.223981
0.209604
0.194819
0.179654
0.164139
0.148304
0.132179
0.115795
0.0991848
0.0823804
0.0654146
0.0483207
0.031132
0.0138823
-0.00339462
-0.0206649
-0.0378946
-0.0550501
-0.0720976
-0.0890039
-0.105736
-0.122261
-0.138547
-0.154562
-0.170275
-0.185656
-0.200675
-0.215303
-0.229512
-0.243275
-0.256565
-0.269358
-0.28163
-0.293356
-0.304515
-0.315086
-0.325049
-0.334386
-0.34308
-0.351114
-0.358473
-0.365144
-0.371115
-0.376375
-0.380915
-0.384725
-0.387799
-0.390131
-0.391718
-0.392556
-0.392644
-0.391982
-0.39057
-0.388412
-0.385511
-0.381873
-0.377503
-0.372411
-0.366606
-0.360098
-0.352898
-0.345021
-0.336481
-0.327293
-0.317474
-0.307044
-0.296021
-0.284425
-0.27228
-0.259607
-0.246431
-0.232776
-0.218669
-0.204137
-0.189207
-0.173908
-0.15827
-0.142323
-0.126098
-0.109626
-0.0929393
-0.0760709
-0.0590534
-0.0419202
-0.0247049
-0.00744106
0.00983734
0.0270965
0.0443024
0.0614216
0.0784203
0.0952655
0.111924
0.128364
0.144552
0.160458
0.176051
0.1913
0.206177
0.220652
0.234698
0.248288
0.261396
0.273997
0.286067
0.297584
0.308526
0.318873
0.328605
0.337704
0.346154
0.353938
0.361042
0.367453
0.373161
0.378153
0.382421
0.385957
0.388756
0.39081
0.392118
0.392677
0.392485
