3.04159
3.04149
3.0412
3.0407
3.04002
3.03914
3.03805
3.03676
3.03526
3.03356
3.03164
3.02951
3.02716
3.02459
3.02178
3.01872
3.01544
3.01191
3.00813
3.00409
2.99977
2.99519
2.99031
2.98514
2.97967
2.97388
2.96776
2.9613
2.95449
2.94731
2.93976
2.93181
2.92346
2.91468
2.90545
2.89577
2.88562
2.87496
2.86379
2.85208
2.83981
2.82696
2.8135
2.79941
2.78466
2.76923
2.75308
2.73619
2.71852
2.70005
2.68074
2.66056
2.63947
2.61744
2.59442
2.57039
2.54529
2.5191
2.49175
2.46323
2.43347
2.40243
2.37008
2.33636
2.30122
2.26462
2.22652
2.18685
2.14559
2.10269
2.05809
2.01176
1.96365
1.91374
1.86198
1.80834
1.75279
1.69531
1.63589
1.57452
1.51118
1.44588
1.37864
1.30948
1.23842
1.16551
1.09079
1.01434
0.936225
0.85653
0.775353
0.692805
0.609006
0.524085
0.438183
0.35145
0.264042
0.176122
0.0878593
-0.000575453
-0.0890091
-0.177269
-0.265182
-0.352583
-0.439306
-0.525196
-0.610103
-0.693888
-0.776419
-0.857576
-0.937251
-1.01535
-1.09178
-1.16647
-1.23936
-1.31039
-1.37953
-1.44674
-1.51201
-1.57533
-1.63668
-1.69607
-1.75352
-1.80905
-1.86266
-1.9144
-1.96429
-2.01237
-2.05868
-2.10326
-2.14614
-2.18738
-2.22702
-2.26511
-2.30169
-2.3368
-2.37051
-2.40285
-2.43386
-2.46361
-2.49212
-2.51944
-2.54563
-2.57071
-2.59473
-2.61773
-2.63975
-2.66083
-2.681
-2.7003
-2.71876
-2.73641
-2.75329
-2.76943
-2.78486
-2.7996
-2.81368
-2.82713
-2.83998
-2.85224
-2.86394
-2.8751
-2.88575
-2.8959
-2.90558
-2.91479
-2.92357
-2.93192
-2.93986
-2.94741
-2.95458
-2.96138
-2.96784
-2.97395
-2.97974
-2.98521
-2.99038
-2.99525
-2.99983
-3.00414
-3.00818
-3.01196
-3.01548
-3.01876
-3.02179
-3.0246
-3.02717
-3.02952
-3.03165
-3.03356
-3.03527
-3.03676
-3.03805
-3.03914
-3.04002
-3.04071
-3.0412
-3.0415
-3.04159
-3.04149
-3.0412
-3.04071
-3.04002
-3.03913
-3.03804
-3.03675
-3.03526
-3.03355
-3.03164
-3.0295
-3.02718
-3.02461
-3.0218
-3.01877
-3.01549
-3.01197
-3.00819
-3.00416
-2.99985
-2.99527
-2.9904
-2.98523
-2.97976
-2.97398
-2.96786
-2.96141
-2.95461
-2.94744
-2.93989
-2.93195
-2.9236
-2.91483
-2.90562
-2.89594
-2.88579
-2.87515
-2.86399
-2.85229
-2.84003
-2.82718
-2.81374
-2.79966
-2.78492
-2.76949
-2.75336
-2.73648
-2.71883
-2.70037
-2.68108
-2.66091
-2.63984
-2.61782
-2.59482
-2.57081
-2.54573
-2.51955
-2.49223
-2.46372
-2.43398
-2.40297
-2.37064
-2.33694
-2.30183
-2.26526
-2.22718
-2.18754
-2.14631
-2.10343
-2.05886
-2.01256
-1.96449
-1.9146
-1.86287
-1.80926
-1.75375
-1.69631
-1.63692
-1.57558
-1.51227
-1.44701
-1.3798
-1.31067
-1.23964
-1.16676
-1.09208
-1.01565
-0.937565
-0.857896
-0.776744
-0.694219
-0.610439
-0.525536
-0.43965
-0.352929
-0.265531
-0.177619
-0.0893608
-0.000927535
0.0875076
0.175771
0.263693
0.351103
0.437839
0.523745
0.60867
0.692474
0.775028
0.856209
0.935911
1.01403
1.09049
1.16521
1.23813
1.3092
1.37837
1.44562
1.51092
1.57427
1.63565
1.69508
1.75256
1.80812
1.86177
1.91354
1.96346
2.01157
2.05791
2.10251
2.14543
2.18669
2.22636
2.26447
2.30108
2.33622
2.36995
2.40231
2.43335
2.46311
2.49164
2.51899
2.54519
2.57029
2.59433
2.61735
2.63938
2.66048
2.68066
2.69997
2.71845
2.73612
2.75301
2.76916
2.7846
2.79935
2.81345
2.82691
2.83976
2.85203
2.86375
2.87492
2.88558
2.89573
2.90542
2.91464
2.92342
2.93178
2.93973
2.94728
2.95446
2.96127
2.96773
2.97385
2.97964
2.98512
2.99029
2.99517
2.99976
3.00407
3.00811
3.01189
3.01542
3.0187
3.02174
3.02455
3.02713
3.02948
3.03161
3.03353
3.03524
3.03674
3.03803
3.03912
3.04001
3.0407
3.0412
3.04149
3.04159
3.0415
