-0.000195806
-0.019783
-0.0394088
-0.0591115
-0.0787307
-0.0987011
-0.118864
-0.139259
-0.159926
-0.180904
-0.202235
-0.223961
-0.246123
-0.268765
-0.291931
-0.315905
-0.34026
-0.365277
-0.391005
-0.417493
-0.444792
-0.472954
-0.502035
-0.532089
-0.563175
-0.59535
-0.628677
-0.663219
-0.69904
-0.736209
-0.774795
-0.814869
-0.856507
-0.899786
-0.944784
-0.991584
-1.04027
-1.09093
-1.14366
-1.19854
-1.25567
-1.31516
-1.3771
-1.4416
-1.50876
-1.57869
-1.65151
-1.72733
-1.80626
-1.88842
-1.97393
-2.0629
-2.15547
-2.25173
-2.35183
-2.45586
-2.56394
-2.67618
-2.79269
-2.91356
-3.03887
-3.16872
-3.30315
-3.44223
-3.58598
-3.73442
-3.88755
-4.04532
-4.20767
-4.37451
-4.5457
-4.72105
-4.90036
-5.08334
-5.26966
-5.45895
-5.65075
-5.84456
-6.03978
-6.23576
-6.43179
-6.62705
-6.8207
-7.01178
-7.1993
-7.38221
-7.55942
-7.72977
-7.89211
-8.04528
-8.18812
-8.31948
-8.4383
-8.54355
-8.63431
-8.70974
-8.76914
-8.81195
-8.83776
-8.84631
-8.83753
-8.8115
-8.76847
-8.70886
-8.63322
-8.54228
-8.43684
-8.31785
-8.18633
-8.04335
-7.89006
-7.7276
-7.55715
-7.37987
-7.19689
-7.00931
-6.81819
-6.62452
-6.42924
-6.23321
-6.03723
-5.84202
-5.64824
-5.45647
-5.26722
-5.08093
-4.898
-4.71875
-4.54344
-4.37231
-4.20553
-4.04324
-3.88553
-3.73246
-3.58408
-3.44039
-3.30137
-3.167
-3.03721
-2.91196
-2.79115
-2.6747
-2.56251
-2.45448
-2.3505
-2.25046
-2.15424
-2.06172
-1.97279
-1.88733
-1.80521
-1.72632
-1.65055
-1.57777
-1.50787
-1.44074
-1.37628
-1.31437
-1.25492
-1.19781
-1.14296
-1.09026
-1.03962
-0.990963
-0.944187
-0.899212
-0.855955
-0.814338
-0.774283
-0.735716
-0.698566
-0.662761
-0.628236
-0.594924
-0.562763
-0.531692
-0.501651
-0.472582
-0.444431
-0.417143
-0.390665
-0.364947
-0.339939
-0.315592
-0.29186
-0.268696
-0.246056
-0.223895
-0.202171
-0.18084
-0.159863
-0.139197
-0.118803
-0.0986407
-0.0786709
-0.0588545
-0.0391531
-0.019528
5.89378e-005
0.019646
0.0392714
0.0589734
0.0787906
0.0987615
0.118925
0.139321
0.159988
0.180968
0.2023
0.224027
0.245967
0.268605
0.291767
0.315497
0.339841
0.364846
0.390561
0.417036
0.444321
0.472468
0.501533
0.53157
0.562637
0.594794
0.628101
0.662621
0.69842
0.735566
0.774127
0.814176
0.855787
0.899036
0.944005
0.990774
1.03943
1.09005
1.14274
1.19759
1.25468
1.31413
1.37603
1.44048
1.5076
1.57748
1.65025
1.72601
1.80489
1.88699
1.97244
2.06136
2.15386
2.25007
2.35009
2.45406
2.56207
2.67424
2.79067
2.91147
3.03671
3.16647
3.30083
3.43982
3.5835
3.73186
3.88491
4.0426
4.20488
4.37164
4.54275
4.71804
4.89728
5.0802
5.26647
5.45571
5.64748
5.84125
6.03645
6.23243
6.42846
6.62375
6.81742
7.00856
7.19615
7.37915
7.55646
7.72694
7.88943
8.04276
8.18578
8.31735
8.4364
8.54189
8.63289
8.70859
8.76826
8.81136
8.83746
8.84631
8.83782
8.81208
8.76934
8.71
8.63464
8.54395
8.43875
8.31998
8.18866
8.04587
7.89274
7.73043
7.56011
7.38293
7.20004
7.01253
6.82146
6.62783
6.43257
6.23654
6.04056
5.84533
5.65152
5.45971
5.27041
5.08407
4.90108
4.72176
4.54639
4.37518
4.20833
4.04596
3.88817
3.73502
3.58656
3.44279
3.30369
3.16924
3.03938
2.91405
2.79316
2.67664
2.56438
2.45628
2.35223
2.25213
2.15584
2.06326
1.97427
1.88875
1.80658
1.72764
1.65181
1.57898
1.50903
1.44186
1.37735
1.3154
1.25591
1.19876
1.14387
1.09114
1.04047
0.991774
0.944967
0.899962
0.856676
0.815032
0.774951
0.73636
0.699185
0.663359
0.628812
0.59548
0.5633
0.532211
0.502153
0.473068
0.444902
0.4176
0.391109
0.365378
0.340358
0.316001
0.292258
0.269085
0.246436
0.224268
0.202536
0.1812
0.160217
0.139546
0.119148
0.0989816
0.0790088
0.0591901
0.039487
0.019861
0.000273737
-0.019313
